#Aula 5 Atividade 4

F = [50, 55, 51, 45, 44, 30, 29, 27, 28, 32, 37, 39, 43, 52, 51]

C = 5/9 *(F-32)